78,18,57,52,59,14,87,53,15,28,94
21,99,28,39,66,31,82,23,47
15,53,87,37,61,96,57,27,26,68,43,94,69,18,13,86,64
93,24,21,82,62,66,99
15,86,68,87,13
94,55,18,12,46,84,68,31,49
54,78,39,94,97,14,52,62,79
46,14,37,15,75,61,59,52,43,47,13,27,78,94,49,57,84
55,93,86,59,84
93,28,52,43,86,78,61,57,13,68,75,18,15,64,53
59,21,86,99,18,57,49,74,12,66,84,31,24,68,46
82,28,13,78,52,14,33,86,46
57,46,84,94,75,15,47,64,12,53,59
66,33,74,35,88,69,12,19,79,28,87,54,99
77,82,35,99,24,31,62,93,21,39,67,79,54,19,66,23,97
12,67,23,39,47,62,66,99,88,21,24,74,64,59,53
39,19,62,87,77,35,14,26,28,96,99,23,61,24,66,27,97,67,69,33,54,79,82
47,23,53,46,31,93,54,64,67
18,93,21,57,15,84,68,64,86,46,88,13,24,12,53
94,75,82,33,37,27,61,86,69,43,13,15,68
79,77,28,57,26,87,69,19,96,82,18,52,61
66,31,24,84,47,68,74
78,86,93,94,46,61,75,47,64,88,52,27,59,18,31,49,57,15,14,43,84,53,13
35,99,24,77,52,14,23,79,69,67,33,82,61,26,28
99,97,31,43,23,55,84
88,23,43,99,24,84,31,12,68,46,93,55,15,21,47,66,57,64,59,53,74,49,13
37,26,75,78,86,64,18,94,82,33,68,87,52,43,57
79,55,97,54,21,74,28,35,96,26,62,67,82,66,87
53,43,78,18,84,75,57,52,94,21,47,68,93
87,78,96,86,35,82,94
97,74,54,28,77,88,19,67,24,62,69
47,43,66,97,21,99,53,46,74
31,74,49,39,99,88,77,79,54
18,99,86,15,59,78,47,21,64
31,78,53,18,15
67,77,54,84,21,62,49,66,35,31,88,79,26,74,97,82,24
79,28,37,74,54,35,21,82,87,12,19,67,23
87,96,61,67,19,12,28,35,26,24,97,37,82,99,66,69,62,23,21,33,54
19,66,62,79,35,69,28,33,67,24,37,23,14,27,77,61,99,96,54,82,87
26,82,61,77,87,37,69,54,79,67,27,18,75,14,43,52,94
87,18,19,33,78,94,69,35,75,27,14,79,43,37,54
97,12,61,33,26,77,28,24,66,37,39,21,69,54,35
61,33,62,96,52,94,82,18,79
47,23,26,88,82,28,87,66,67,99,55,21,19,54,79,39,31,24,97,12,74,62,35
18,52,28,94,93,86,53,68,13,64,27
61,43,33,18,52,28,13,15,64,78,57,96,27,94,87,59,37,69,53,46,86,14,68
55,64,15,75,59,66,78,74,68,46,47,88,18,12,84
86,46,66,12,99,13,47,68,15,93,88,43,59,24,21
12,47,93,43,21,53,88,55,59,31,13,74,49,94,15,18,46
97,37,52,67,39,99,69,14,87
62,46,39,64,12,99,59,13,66,23,54,88,74,84,24,21,47,97,53,31,67
14,93,15,68,13,46,57,27,59,52,64,75,84,43,86,18,47,78,37,49,94,31,61
67,84,54,19,99,49,62,77,93,66,47,97,74,79,12,35,23,59,21,31,39
69,26,75,94,86
93,55,78,47,15,74,52,21,31,64,18
97,67,55,96,74,87,82
15,14,93,27,75,43,53,28,13,69,18,33,57
52,68,27,18,78,94,28,43,87,75,86
53,86,18,33,14,78,96,37,46,69,27,57,64,52,43,13,28,61,59,93,68,15,94
62,33,87,37,69,67,26,74,12,39,28,35,23,97,19,79,24
87,62,88,35,47,24,28,26,66,33,23,99,67,39,97,79,19,74,77
31,52,49,78,59,57,21,84,86,18,15
64,93,13,84,49,43,86,47,74,12,68,59,23,21,15,88,57,66,24,99,55
43,33,37,77,54,96,18,94,75,52,14
62,93,64,86,46,21,47
97,47,24,31,68,12,54
35,87,26,33,96,18,78,15,61,54,69,39,67,94,75,77,82
12,31,84,47,24,66,13,93,67,97,21,35,55
39,79,69,77,75,82,78,15,18,37,61
39,21,28,54,77,82,88,74,87
